6 0.807190 0.822304 0.098039 0.100490
6 0.826797 0.601716 0.075163 0.075980
6 0.982026 0.600490 0.035948 0.039216
6 0.785948 0.443627 0.055556 0.029412
6 0.794118 0.325980 0.029412 0.039216
6 0.683007 0.397059 0.052288 0.039216
6 0.497549 0.861520 0.066993 0.090686
6 0.330882 0.790441 0.063725 0.075980
6 0.447712 0.962010 0.107843 0.075980
6 0.129085 0.932598 0.049020 0.100490
6 0.065359 0.774510 0.058824 0.053922
6 0.062092 0.974265 0.075163 0.051471
6 0.165033 0.622549 0.075163 0.068627
6 0.233660 0.685049 0.068627 0.031863
6 0.339052 0.620098 0.057190 0.044118
6 0.043301 0.546569 0.063725 0.058824
6 0.072712 0.442402 0.063725 0.051471
6 0.185458 0.343137 0.034314 0.044118
6 0.211601 0.460784 0.050654 0.049020
6 0.375000 0.433824 0.040850 0.044118
6 0.266340 0.340686 0.022876 0.029412
6 0.263889 0.535539 0.060458 0.046569
6 0.272876 0.437500 0.045752 0.026961
6 0.376634 0.515931 0.034314 0.056373
6 0.457516 0.530637 0.042484 0.046569
6 0.551471 0.488971 0.037582 0.051471
6 0.565359 0.640931 0.091503 0.056373
6 0.471405 0.269608 0.047386 0.039216
6 0.546569 0.226716 0.027778 0.031863
6 0.496732 0.178922 0.029412 0.024510
6 0.668301 0.321078 0.032680 0.034314
6 0.366830 0.185049 0.027778 0.031863
6 0.477124 0.205882 0.026144 0.029412
6 0.249183 0.229167 0.040850 0.031863
6 0.272059 0.127451 0.031046 0.029412
6 0.327614 0.210784 0.021242 0.024510
6 0.431373 0.145833 0.019608 0.022059
6 0.664216 0.227941 0.031046 0.034314
6 0.682190 0.149510 0.024510 0.024510
6 0.776144 0.125000 0.029412 0.019608
6 0.973039 0.917892 0.053922 0.075980
