1 0.897876 0.864303 0.050654 0.061125
1 0.471405 0.872861 0.171569 0.151589
1 0.416667 0.757946 0.101307 0.092910
1 0.241830 0.702934 0.133987 0.134474
1 0.595588 0.635697 0.145425 0.117359
1 0.939542 0.526895 0.120915 0.095355
1 0.949346 0.435208 0.101307 0.078240
1 0.174837 0.635697 0.124183 0.112469
1 0.214052 0.475550 0.065359 0.056235
1 0.135621 0.437653 0.062092 0.044010
1 0.269608 0.397311 0.101307 0.066015
1 0.117647 0.363081 0.049020 0.046455
1 0.134804 0.321516 0.047386 0.046455
1 0.316176 0.343521 0.031046 0.036675
1 0.090686 0.480440 0.040850 0.031785
1 0.446078 0.366748 0.052288 0.058680
1 0.543301 0.585575 0.109477 0.100244
1 0.638072 0.541565 0.057190 0.046455
1 0.683824 0.482885 0.050654 0.066015
1 0.701797 0.409535 0.027778 0.031785
1 0.647059 0.331296 0.045752 0.031785
