5 0.793301 0.681373 0.060458 0.083333
5 0.626634 0.664216 0.060458 0.078431
5 0.675654 0.488971 0.050654 0.071078
5 0.656863 0.393382 0.049020 0.066176
5 0.803922 0.357843 0.052288 0.068627
5 0.786765 0.323529 0.047386 0.058824
5 0.775327 0.169118 0.040850 0.053922
5 0.718137 0.104167 0.044118 0.056373
5 0.622549 0.125000 0.042484 0.053922
5 0.510621 0.286765 0.047386 0.058824
5 0.291667 0.343137 0.050654 0.068627
5 0.272876 0.189951 0.045752 0.056373
5 0.137255 0.140931 0.042484 0.056373
5 0.290033 0.039216 0.037582 0.053922
5 0.251634 0.051471 0.039216 0.049020
5 0.200980 0.041667 0.039216 0.049020
5 0.043301 0.066176 0.037582 0.049020
5 0.470588 0.553922 0.049020 0.068627
5 0.434641 0.541667 0.049020 0.078431
