1 0.302288 0.727669 0.035948 0.030501
1 0.494281 0.668845 0.027778 0.030501
1 0.500000 0.622004 0.039216 0.028322
1 0.553922 0.644880 0.022876 0.026144
1 0.580065 0.628540 0.032680 0.019608
1 0.548203 0.602397 0.034314 0.023965
1 0.665033 0.546841 0.133987 0.065359
1 0.702614 0.581699 0.029412 0.021786
1 0.765523 0.442266 0.063725 0.056645
1 0.683824 0.441176 0.034314 0.023965
1 0.513072 0.454248 0.045752 0.050109
1 0.551471 0.456427 0.047386 0.023965
1 0.071078 0.577342 0.034314 0.034858
1 0.164216 0.593682 0.037582 0.032680
1 0.276144 0.628540 0.029412 0.028322
1 0.155229 0.659041 0.032680 0.037037
1 0.081699 0.821351 0.045752 0.043573
1 0.183824 0.709150 0.031046 0.023965
1 0.196895 0.622004 0.024510 0.032680
1 0.314542 0.605664 0.027778 0.030501
1 0.228758 0.791939 0.029412 0.028322
