6 0.553223 0.620117 0.079102 0.041016
6 0.425293 0.645020 0.063477 0.047852
6 0.483398 0.693359 0.062500 0.060547
6 0.252930 0.662109 0.048828 0.041016
6 0.747559 0.748047 0.122070 0.087891
6 0.717773 0.792480 0.064453 0.049805
6 0.751465 0.833496 0.086914 0.043945
6 0.263184 0.746094 0.139648 0.054688
6 0.350586 0.802734 0.085938 0.052734
6 0.171387 0.844727 0.133789 0.083984
6 0.484863 0.945801 0.116211 0.053711
6 0.696777 0.958984 0.049805 0.041016
6 0.738281 0.320801 0.031250 0.016602
6 0.112305 0.763184 0.085938 0.040039
