6 0.598633 0.617188 0.148438 0.154297
6 0.633789 0.529297 0.056641 0.031250
6 0.500000 0.568848 0.033203 0.014648
6 0.338379 0.547852 0.041992 0.044922
6 0.387695 0.479492 0.031250 0.021484
5 0.281738 0.455566 0.043945 0.034180
5 0.354492 0.394043 0.023438 0.028320
6 0.439453 0.355957 0.031250 0.014648
6 0.584961 0.869629 0.113281 0.104492
6 0.380371 0.296875 0.010742 0.013672
6 0.418457 0.275879 0.014648 0.010742
6 0.495605 0.320801 0.016602 0.010742
6 0.500488 0.343262 0.020508 0.010742
6 0.389648 0.275391 0.009766 0.019531
6 0.442383 0.291016 0.015625 0.005859
